1.000000000 0.000000000 0.000000000 0.000000000 0.000000000 1.000000000 0.000000000 0.000000000 0.000000000 0.000000000 1.000000000 0.000000000
0.999999940 -0.000025188 0.000379489 0.000114904 0.000025334 0.999999940 -0.000384460 0.000635309 -0.000379479 0.000384470 0.999999881 0.000016231
0.999999940 0.000189385 0.000227593 0.000686262 -0.000189368 1.000000000 -0.000076634 0.000366419 -0.000227608 0.000076591 1.000000000 0.000590544
1.000000000 -0.000007357 0.000092290 -0.000239438 0.000007342 1.000000000 0.000162411 -0.000511031 -0.000092291 -0.000162411 1.000000000 0.000005052
1.000000000 -0.000232808 0.000047689 0.000150997 0.000232817 0.999999940 -0.000175621 0.000312123 -0.000047648 0.000175632 1.000000000 0.000119933
1.000000000 0.000012066 0.000085872 0.000975569 -0.000012064 1.000000000 -0.000029525 -0.000021877 -0.000085872 0.000029523 1.000000000 0.000203381
0.999997556 0.000124335 0.002197341 0.000136125 -0.000125351 0.999999881 0.000462249 -0.000437042 -0.002197284 -0.000462523 0.999997497 0.000671473
0.999999642 -0.000362482 0.000779791 0.000137712 0.000362406 0.999999940 0.000097338 -0.000233464 -0.000779826 -0.000097056 0.999999702 0.000580216
0.999999583 -0.000723183 0.000569129 0.000324932 0.000723334 0.999999702 -0.000265171 -0.000545386 -0.000568937 0.000265582 0.999999821 0.000594969
0.999999821 -0.000621375 0.000011256 0.000376980 0.000621380 0.999999702 -0.000408013 0.000205976 -0.000011002 0.000408020 0.999999940 0.000382029
0.999999285 -0.000913092 -0.000796878 -0.000211985 0.000912526 0.999999344 -0.000710600 0.000755719 0.000797527 0.000709872 0.999999404 0.000331794
0.999999702 -0.000493114 -0.000590688 -0.000119110 0.000493244 0.999999881 0.000219890 0.000095908 0.000590580 -0.000220181 0.999999821 0.000145526
0.999999046 -0.000982603 -0.000984817 0.001044365 0.000983051 0.999999404 0.000454129 0.000293772 0.000984370 -0.000455096 0.999999404 0.000768229
0.999999762 -0.000541799 -0.000386931 0.000029008 0.000541880 0.999999821 0.000210767 0.000362924 0.000386817 -0.000210977 0.999999881 0.000097542
0.999999881 -0.000279221 -0.000324459 0.000210840 0.000279380 0.999999821 0.000488465 0.000283734 0.000324322 -0.000488556 0.999999821 0.000133760
0.999999702 -0.000735360 0.000062349 -0.000054816 0.000735344 0.999999702 0.000251945 0.000441565 -0.000062534 -0.000251899 0.999999940 0.000162918
0.999999940 -0.000329782 -0.000150182 -0.000122728 0.000329829 0.999999881 0.000315246 0.000171319 0.000150078 -0.000315295 0.999999940 0.000008563
0.999999702 -0.000497354 -0.000551374 0.000427149 0.000497527 0.999999821 0.000312773 0.000376186 0.000551219 -0.000313047 0.999999821 0.000470078
0.999999762 -0.000287478 -0.000604987 0.000378012 0.000287508 0.999999940 0.000050273 0.000600911 0.000604973 -0.000050447 0.999999821 0.000108033
1.000000000 0.000149823 -0.000038956 -0.000188328 -0.000149815 0.999999940 0.000193792 0.000074960 0.000038985 -0.000193786 1.000000000 -0.000002374
1.000000000 -0.000156087 -0.000031252 -0.000217231 0.000156082 1.000000000 -0.000156454 0.000119206 0.000031276 0.000156449 1.000000000 -0.000217197
1.000000000 -0.000054162 0.000091772 -0.000081749 0.000054160 1.000000000 0.000020349 -0.000065107 -0.000091773 -0.000020344 1.000000000 0.000109711
1.000000000 -0.000013513 0.000220655 -0.000293986 0.000013536 1.000000000 -0.000104342 0.000111912 -0.000220654 0.000104345 1.000000000 0.000039275
1.000000000 0.000093243 0.000182114 -0.000123416 -0.000093291 0.999999940 0.000262907 -0.000863990 -0.000182089 -0.000262924 0.999999940 0.000074478
1.000000000 0.000070362 0.000157088 -0.000021692 -0.000070372 1.000000000 0.000062419 -0.000353463 -0.000157084 -0.000062430 1.000000000 0.000050882
1.000000000 0.000008744 -0.000031149 0.000149859 -0.000008744 1.000000000 0.000006163 -0.000005902 0.000031149 -0.000006163 1.000000000 -0.000030958
1.000000000 0.000008406 -0.000091910 0.000559528 -0.000008410 1.000000000 -0.000037407 -0.000062713 0.000091910 0.000037408 1.000000000 0.000160211
1.000000000 0.000043236 0.000176810 -0.000242046 -0.000043212 1.000000000 -0.000135611 0.000083259 -0.000176816 0.000135603 1.000000000 0.000081346
1.000000000 -0.000007930 0.000116386 -0.000215515 0.000007933 1.000000000 -0.000028342 -0.000011605 -0.000116385 0.000028343 1.000000000 -0.000063887
1.000000000 0.000057956 0.000153804 -0.000325241 -0.000057945 1.000000000 -0.000068847 0.000012748 -0.000153808 0.000068838 1.000000000 0.000042965
1.000000000 -0.000066188 -0.000131876 0.000457894 0.000066176 1.000000000 -0.000085700 0.000069436 0.000131882 0.000085691 1.000000000 0.000106123
1.000000000 -0.000132559 -0.000015996 0.000095520 0.000132556 1.000000000 -0.000187947 0.000170414 0.000016021 0.000187945 1.000000000 -0.000127769
1.000000000 -0.000105827 0.000085709 -0.000055380 0.000105856 0.999999940 -0.000337450 0.000492180 -0.000085673 0.000337459 0.999999940 0.000129165
1.000000000 -0.000037095 0.000039915 -0.000056932 0.000037091 1.000000000 0.000090282 -0.000267365 -0.000039918 -0.000090280 1.000000000 0.000211456
1.000000000 0.000085938 0.000057264 -0.000132445 -0.000085930 1.000000000 -0.000129706 0.000294646 -0.000057275 0.000129701 1.000000000 0.000038690
1.000000000 -0.000096012 0.000026322 0.000002894 0.000096016 1.000000000 -0.000154873 0.000203786 -0.000026307 0.000154876 1.000000000 -0.000033187
1.000000000 0.000024823 0.000159373 -0.000294635 -0.000024812 1.000000000 -0.000070935 0.000061679 -0.000159375 0.000070931 1.000000000 0.000105280
1.000000000 -0.000046533 0.000159437 -0.000316288 0.000046564 1.000000000 -0.000191209 0.000238537 -0.000159428 0.000191217 0.999999940 0.000048689
1.000000000 0.000026225 0.000014364 0.000168172 -0.000026229 1.000000000 0.000233048 -0.000542485 -0.000014358 -0.000233049 1.000000000 0.000011219
1.000000000 -0.000067516 -0.000157308 0.000586127 0.000067521 1.000000000 0.000029663 -0.000032484 0.000157306 -0.000029674 1.000000000 0.000230841
1.000000000 0.000003910 0.000192251 -0.000305949 -0.000003877 1.000000000 -0.000174212 0.000112176 -0.000192252 0.000174211 0.999999940 0.000073860
1.000000000 -0.000124161 -0.000005911 0.000082169 0.000124161 1.000000000 0.000007468 -0.000056383 0.000005910 -0.000007469 1.000000000 0.000187441
1.000000000 0.000006845 0.000044726 -0.000217140 -0.000006841 1.000000000 -0.000093137 0.000020099 -0.000044726 0.000093137 1.000000000 0.000033771
1.000000000 0.000132931 -0.000128432 0.000162055 -0.000132993 0.999999881 -0.000483202 0.000123480 0.000128368 0.000483219 0.999999881 -0.000251613
0.999999940 0.000083817 0.000288242 -0.000392792 -0.000083650 0.999999821 -0.000576371 -0.000141728 -0.000288290 0.000576347 0.999999821 -0.000106156
0.999999940 0.000178272 0.000188839 -0.000086553 -0.000177906 0.999998093 -0.001937393 0.000059833 -0.000189184 0.001937359 0.999998093 0.000118450
1.000000000 -0.000114526 0.000127028 -0.000038781 0.000114725 0.999998748 -0.001570005 -0.001027611 -0.000126848 0.001570020 0.999998748 -0.000126056
0.999999940 0.000153760 0.000343402 -0.000539163 -0.000153129 0.999998271 -0.001837683 0.000350415 -0.000343684 0.001837631 0.999998271 -0.000129067
1.000000000 -0.000169622 0.000128858 -0.000005564 0.000169766 0.999999344 -0.001113145 0.000306403 -0.000128669 0.001113167 0.999999344 -0.000071094
0.999999821 -0.000572008 0.000072882 -0.000142664 0.000572088 0.999999225 -0.001100103 -0.000106896 -0.000072253 0.001100144 0.999999404 -0.000026882
1.000000000 -0.000014357 -0.000027668 0.000159583 0.000014332 0.999999583 -0.000933471 -0.000017023 0.000027681 0.000933470 0.999999583 -0.000232553
1.000000000 -0.000179540 -0.000070279 0.000099912 0.000179467 0.999999464 -0.001046063 0.000230465 0.000070467 0.001046051 0.999999464 -0.000387388
1.000000000 -0.000094469 0.000087300 -0.000438340 0.000094542 0.999999642 -0.000831871 0.000196810 -0.000087221 0.000831880 0.999999642 -0.000350553
1.000000000 -0.000020361 -0.000175532 0.000125220 0.000020228 0.999999702 -0.000754729 0.000287193 0.000175547 0.000754725 0.999999702 -0.000285594
1.000000000 -0.000057322 -0.000039352 -0.000156689 0.000057298 0.999999821 -0.000620476 -0.000081839 0.000039388 0.000620474 0.999999821 -0.000426611
1.000000000 0.000109133 0.000178441 -0.000466488 -0.000109016 0.999999762 -0.000656403 -0.000096751 -0.000178513 0.000656383 0.999999762 -0.000502165
1.000000000 -0.000042123 0.000021313 -0.000287908 0.000042156 0.999998808 -0.001552826 -0.000034282 -0.000021248 0.001552827 0.999998808 -0.000208746
1.000000000 -0.000067662 0.000224246 -0.000164250 0.000068013 0.999998748 -0.001567133 0.000309603 -0.000224139 0.001567148 0.999998748 -0.000049590
0.999999940 -0.000175179 0.000345828 -0.000409251 0.000175580 0.999999285 -0.001159055 0.000242380 -0.000345625 0.001159116 0.999999285 -0.000301917
0.999999940 -0.000305070 0.000267903 -0.000324828 0.000305389 0.999999225 -0.001192327 0.000278758 -0.000267539 0.001192408 0.999999225 -0.000452059
1.000000000 -0.000067981 0.000089156 -0.000049122 0.000068087 0.999999285 -0.001186800 0.000194569 -0.000089075 0.001186806 0.999999285 0.000113857
1.000000000 -0.000084181 -0.000084007 -0.000401781 0.000084016 0.999998033 -0.001969050 0.000352590 0.000084172 0.001969043 0.999998033 -0.000370866
0.999999940 -0.000199342 -0.000193092 0.000128748 0.000199086 0.999999106 -0.001324772 -0.000166994 0.000193356 0.001324733 0.999999106 -0.000099112
1.000000000 -0.000039954 0.000019180 -0.000124278 0.000039981 0.999999046 -0.001397527 -0.000409025 -0.000019125 0.001397528 0.999999046 -0.000357115
1.000000000 0.000004658 -0.000073579 -0.000066943 -0.000004852 0.999996483 -0.002642123 0.000342719 0.000073566 0.002642123 0.999996483 -0.000054046
0.999999940 -0.000231832 -0.000181680 0.000336742 0.000231271 0.999995232 -0.003082788 0.000090213 0.000182394 0.003082746 0.999995232 -0.000031303
0.999999940 -0.000328726 -0.000088868 0.000018719 0.000328430 0.999994457 -0.003309747 0.000248416 0.000089956 0.003309717 0.999994516 -0.000072337
1.000000000 -0.000145808 0.000029122 -0.000216441 0.000145889 0.999996006 -0.002827880 0.000258758 -0.000028709 0.002827884 0.999996006 0.000067797
1.000000000 -0.000178207 -0.000023757 -0.000127785 0.000178137 0.999995768 -0.002902958 -0.000082756 0.000024274 0.002902953 0.999995768 -0.000181476
0.999999940 -0.000174327 -0.000193714 0.000158124 0.000173727 0.999995232 -0.003089773 -0.000002239 0.000194252 0.003089739 0.999995232 0.000009788
0.999999881 -0.000467152 -0.000189922 -0.000318312 0.000466553 0.999994934 -0.003144981 0.000543116 0.000191390 0.003144892 0.999995053 -0.000468031
0.999999940 -0.000015657 0.000360035 -0.000843381 0.000016619 0.999996424 -0.002672910 0.000051293 -0.000359992 0.002672916 0.999996364 -0.000115736
0.999999940 -0.000273553 0.000032719 -0.000104032 0.000273617 0.999997973 -0.001987310 -0.000952828 -0.000032175 0.001987319 0.999998033 -0.000377873
0.999999940 0.000311615 -0.000036464 0.000397744 -0.000311702 0.999997079 -0.002406457 0.000038268 0.000035714 0.002406468 0.999997079 0.000138515
1.000000000 -0.000064336 -0.000014189 -0.000003678 0.000064298 0.999996364 -0.002700797 -0.000009549 0.000014362 0.002700796 0.999996364 -0.000122130
0.999999940 -0.000388956 -0.000125989 -0.000151598 0.000388551 0.999994814 -0.003198995 -0.000023665 0.000127232 0.003198946 0.999994874 0.000026927
0.999999940 -0.000308901 -0.000089024 -0.000207347 0.000308644 0.999995828 -0.002871727 0.000218599 0.000089911 0.002871700 0.999995887 -0.000229461
1.000000000 -0.000211553 0.000057796 -0.000260964 0.000211735 0.999994993 -0.003166617 -0.000427319 -0.000057126 0.003166630 0.999994993 -0.000252454
0.999999702 -0.000779223 -0.000132695 -0.000270691 0.000778784 0.999994338 -0.003270915 0.000352759 0.000135243 0.003270810 0.999994636 -0.000235642
0.999999464 -0.000901943 -0.000476484 0.000007706 0.000900463 0.999994814 -0.003098247 -0.000417376 0.000479276 0.003097817 0.999995112 -0.000357105
0.999999642 -0.000776594 -0.000340766 -0.000146350 0.000775501 0.999994576 -0.003195789 -0.000119071 0.000343246 0.003195523 0.999994814 -0.000110010
0.999999404 -0.001010692 -0.000475983 -0.000074455 0.001009048 0.999993563 -0.003440333 -0.000376997 0.000479457 0.003439851 0.999993980 -0.000367829
0.999999881 -0.000429986 -0.000273785 -0.000014711 0.000428990 0.999993324 -0.003624814 -0.000184652 0.000275342 0.003624696 0.999993384 0.000078567
0.999998689 -0.001543193 -0.000509354 -0.000032854 0.001542096 0.999996483 -0.002147489 -0.001865786 0.000512666 0.002146701 0.999997556 -0.000536479
0.999999940 -0.000211681 0.000150584 -0.000811993 0.000212136 0.999995410 -0.003027761 -0.000322252 -0.000149942 0.003027793 0.999995410 -0.000250313
0.999999344 -0.000882150 -0.000754543 0.000270721 0.000880001 0.999995589 -0.002843403 -0.001935336 0.000757048 0.002842737 0.999995649 -0.000379228
0.999999225 -0.001104018 -0.000547721 -0.000335595 0.001103010 0.999997735 -0.001836308 -0.003162512 0.000549747 0.001835703 0.999998152 -0.000449004
0.999999702 -0.000525463 -0.000586542 0.000114729 0.000524240 0.999997675 -0.002083691 -0.002973739 0.000587636 0.002083383 0.999997675 -0.000232350
0.999999762 -0.000563333 -0.000415956 0.000033357 0.000561871 0.999993682 -0.003506523 -0.001913992 0.000417929 0.003506288 0.999993742 -0.000752587
0.999999285 -0.001053008 -0.000553773 -0.000563185 0.001051083 0.999993443 -0.003465124 -0.000508681 0.000557418 0.003464539 0.999993861 -0.000256512
0.999998569 -0.001268346 -0.001138744 0.000481255 0.001265530 0.999996126 -0.002469840 -0.003055585 0.001141872 0.002468395 0.999996305 -0.000947302
0.999999762 -0.000684244 0.000063878 -0.000279602 0.000684450 0.999994397 -0.003283218 -0.003522586 -0.000061631 0.003283261 0.999994636 -0.000727207
0.999998450 -0.001554604 0.000836438 0.001125173 0.001557657 0.999992073 -0.003660998 -0.004829668 -0.000830740 0.003662295 0.999992967 -0.001176664
0.999992847 -0.001827359 0.003307941 0.000639825 0.001845606 0.999983072 -0.005521300 -0.004692989 -0.003297796 0.005527366 0.999979258 -0.001258141
0.999986529 -0.001020804 0.005083911 0.000353319 0.001050717 0.999982119 -0.005884679 -0.006061857 -0.005077813 0.005889941 0.999969780 -0.000917113
0.999973893 -0.003400278 0.006371902 -0.000797390 0.003452935 0.999959826 -0.008271204 -0.009237406 -0.006343522 0.008292990 0.999945462 0.000586738
0.999961376 -0.004714206 0.007414704 -0.000928379 0.004815911 0.999893725 -0.013759118 -0.010257189 -0.007349052 0.013794295 0.999877870 0.003868321
0.999937713 -0.007625603 0.008151807 -0.001454129 0.007818945 0.999682486 -0.023954973 -0.014700482 -0.007966547 0.024017219 0.999679804 0.006092844
0.999910593 -0.010573322 0.008184153 -0.001218669 0.010851108 0.999339700 -0.034676552 -0.020056762 -0.007812102 0.034762260 0.999365091 0.009862310
0.999906540 -0.009543833 0.009791362 -0.003103094 0.009916944 0.999198079 -0.038793132 -0.029521286 -0.009413274 0.038886607 0.999199271 0.013427370
0.999857426 -0.014011563 0.009423469 -0.005967942 0.014410784 0.998939753 -0.043722868 -0.041390352 -0.008800852 0.043852437 0.998999238 0.016540745
0.999800205 -0.018031823 0.008627656 -0.008102035 0.018457148 0.998473287 -0.052061252 -0.055786181 -0.007675725 0.052210093 0.998606622 0.019405218
0.999768138 -0.019995816 0.007989264 -0.011053234 0.020422006 0.998142242 -0.057402149 -0.074380487 -0.006826620 0.057551995 0.998319149 0.021857679
0.999733090 -0.022191577 0.006427179 -0.012490856 0.022570005 0.997534037 -0.066456579 -0.091192253 -0.004936553 0.066583902 0.997768641 0.023672938
0.999721944 -0.022812180 0.005974365 -0.014266507 0.023163600 0.997452319 -0.067470841 -0.113007881 -0.004419987 0.067590468 0.997703373 0.025085468
0.999725223 -0.022644255 0.006057459 -0.014454643 0.023014480 0.997258842 -0.070322037 -0.131406203 -0.004448465 0.070442125 0.997505963 0.025734339
0.999773920 -0.020098645 0.006941188 -0.015772242 0.020543594 0.997232914 -0.071445771 -0.147243977 -0.005486018 0.071572214 0.997420311 0.026359487
0.999788523 -0.019446600 0.006687075 -0.015962929 0.019864054 0.997392416 -0.069381855 -0.161102921 -0.005320397 0.069500014 0.997567773 0.029859114
0.999799430 -0.018421413 0.007860002 -0.019805543 0.018925514 0.997382402 -0.069786929 -0.168149933 -0.006553853 0.069921680 0.997530937 0.034162365
0.999825120 -0.017027525 0.007734315 -0.019898206 0.017520659 0.997466981 -0.068939686 -0.169443205 -0.006540851 0.069063142 0.997590840 0.041173041
0.999843657 -0.015758092 0.008023493 -0.020748537 0.016263489 0.997593522 -0.067398943 -0.168014869 -0.006942106 0.067518897 0.997693837 0.047124930
0.999859333 -0.014465079 0.008490692 -0.023941852 0.015001864 0.997640789 -0.066991173 -0.162044331 -0.007501628 0.067109123 0.997717440 0.053323470
0.999856651 -0.015206399 0.007444002 -0.022916775 0.015653128 0.997816086 -0.064171784 -0.160550252 -0.006451923 0.064279109 0.997911096 0.059484545
0.999839365 -0.016434990 0.007147880 -0.024053980 0.016848495 0.997917771 -0.062259179 -0.157604009 -0.006109768 0.062369611 0.998034418 0.065307319
0.999809742 -0.018720234 0.005485465 -0.024072574 0.019017816 0.997990131 -0.060448382 -0.159891546 -0.004342832 0.060541201 0.998156250 0.069341987
0.999808609 -0.018945025 0.004877901 -0.024968702 0.019193862 0.998168230 -0.057374477 -0.160894215 -0.003782005 0.057457123 0.998340786 0.072766073
0.999808133 -0.019051841 0.004554363 -0.026889902 0.019279640 0.998204052 -0.056718335 -0.161544725 -0.003465595 0.056795258 0.998379827 0.075319536
0.999825239 -0.018137464 0.004525645 -0.026049495 0.018366322 0.998201311 -0.057068218 -0.163296089 -0.003482432 0.057141364 0.998360038 0.078092381
0.999824345 -0.018096743 0.004882449 -0.026883837 0.018340720 0.998279870 -0.055685446 -0.166621223 -0.003866326 0.055765212 0.998436451 0.078730315
0.999845624 -0.016956354 0.004601436 -0.027436158 0.017182522 0.998359323 -0.054621261 -0.170591503 -0.003667709 0.054691892 0.998496532 0.079710968
0.999835968 -0.017453615 0.004837828 -0.027862843 0.017697480 0.998271406 -0.056044094 -0.172875494 -0.003851293 0.056120519 0.998416603 0.079144157
0.999830782 -0.017814716 0.004584208 -0.027473317 0.018041570 0.998299718 -0.055427689 -0.178659320 -0.003588985 0.055501018 0.998452187 0.079750687
0.999815047 -0.018750623 0.004271939 -0.026418719 0.018954625 0.998351932 -0.054167453 -0.185871452 -0.003249225 0.054238409 0.998522699 0.077803947
0.999812126 -0.018891022 0.004335581 -0.026324168 0.019093785 0.998421669 -0.052817095 -0.192557782 -0.003330969 0.052889958 0.998594820 0.076927982
0.999826312 -0.018011030 0.004787885 -0.025369585 0.018211238 0.998788655 -0.045711733 -0.205322325 -0.003958770 0.045790989 0.998943210 0.073756069
0.999823153 -0.018329199 0.004211755 -0.023118623 0.018459275 0.999276280 -0.033258334 -0.212363526 -0.003599109 0.033330198 0.999437928 0.070174336
0.999826372 -0.018251199 0.003761661 -0.021739613 0.018316371 0.999668598 -0.018087326 -0.218746424 -0.003430299 0.018153084 0.999829352 0.068580508
0.999915183 -0.010987724 0.006996776 -0.023027195 0.011034559 0.999916732 -0.006690717 -0.220308751 -0.006922678 0.006767355 0.999953151 0.066677868
0.999953628 -0.005399883 0.007971149 -0.019823739 0.005382236 0.999983013 0.002233626 -0.230699584 -0.007983075 -0.002190620 0.999965727 0.066457905
0.999927044 0.003386979 0.011597075 -0.019211296 -0.003452446 0.999978185 0.005629729 -0.239970282 -0.011577755 -0.005669356 0.999916911 0.066327415
0.999817848 0.012879520 0.014084322 -0.016543431 -0.012917103 0.999913216 0.002580761 -0.247039780 -0.014049862 -0.002762219 0.999897480 0.067695051
0.999672353 0.020075370 0.015878497 -0.016410649 -0.020080993 0.999798357 0.000194678 -0.259411424 -0.015871387 -0.000513470 0.999873936 0.071461856
0.999508262 0.024724960 0.019286247 -0.018806018 -0.024616767 0.999679983 -0.005827294 -0.269548208 -0.019424153 0.005349663 0.999797046 0.074853197
0.999332011 0.028491395 0.022885717 -0.018922225 -0.028254334 0.999544382 -0.010615993 -0.281569481 -0.023177756 0.009962281 0.999681711 0.078599952
0.999396801 0.022567678 0.026395885 -0.020135310 -0.022218168 0.999662519 -0.013460315 -0.292892039 -0.026690746 0.012865728 0.999560952 0.081971079
0.999408841 0.009839003 0.032942697 -0.024525497 -0.009305860 0.999823868 -0.016298348 -0.308073968 -0.033097252 0.015982153 0.999324322 0.086315058
0.999143600 -0.001051538 0.041363094 -0.028267477 0.001938710 0.999768794 -0.021414127 -0.316188931 -0.041331016 0.021475976 0.998914659 0.092076264
0.998428345 -0.014921644 0.054018196 -0.031315632 0.016256081 0.999571323 -0.024348907 -0.330045134 -0.053631708 0.025188766 0.998243034 0.100375541
0.997098029 -0.025765581 0.071635514 -0.035325870 0.027694091 0.999276638 -0.026059408 -0.342718810 -0.070912257 0.027967662 0.997090459 0.107493736
0.995142221 -0.037406243 0.091065578 -0.038350016 0.040152267 0.998786688 -0.028510807 -0.352788925 -0.089888610 0.032028794 0.995436728 0.114577465
0.992581844 -0.048482303 0.111494116 -0.039166518 0.051946849 0.998246431 -0.028380126 -0.362446755 -0.109922677 0.033961363 0.993359745 0.122101024
0.989228606 -0.059618201 0.133687913 -0.041437291 0.063755110 0.997603595 -0.026876368 -0.370969653 -0.131765202 0.035110157 0.990658939 0.129791200
0.985095322 -0.069306411 0.157429487 -0.045571242 0.074187510 0.996922374 -0.025336079 -0.383389682 -0.155189037 0.036637753 0.987205148 0.139565334
0.980794013 -0.077203363 0.179117069 -0.047807358 0.083167627 0.996195793 -0.026020071 -0.388545126 -0.176426858 0.040417068 0.983483613 0.147366121
0.976523340 -0.083461583 0.198586106 -0.052386768 0.090266891 0.995592356 -0.025449954 -0.397054076 -0.195586726 0.042778224 0.979752958 0.157333806
0.972919941 -0.091187902 0.212394595 -0.050975069 0.098372005 0.994872510 -0.023483425 -0.408116341 -0.209164187 0.043741181 0.976901710 0.163577408
0.968988955 -0.095369294 0.227958590 -0.055973180 0.102794111 0.994483173 -0.020894973 -0.417453378 -0.224708274 0.043679800 0.973446608 0.174151480
0.965577185 -0.100525931 0.239906758 -0.058704365 0.108022682 0.993980527 -0.018271361 -0.429482609 -0.236625865 0.043557774 0.970624089 0.181539729
0.962938249 -0.102662057 0.249420032 -0.060099855 0.111081660 0.993612409 -0.019880079 -0.433427691 -0.245785877 0.046849277 0.968191326 0.190007061
0.959970832 -0.105313659 0.259547561 -0.065418996 0.113881022 0.993328512 -0.018152358 -0.442350864 -0.255904317 0.046983276 0.965559661 0.199552983
0.956733108 -0.110157639 0.269308239 -0.068769693 0.118365154 0.992866039 -0.014377909 -0.453487188 -0.265803188 0.045632537 0.962946653 0.209129706
0.953100085 -0.114978716 0.279964477 -0.070752390 0.122970715 0.992348373 -0.011088744 -0.459695846 -0.276547313 0.044996113 0.959946275 0.217313379
0.948736966 -0.120388106 0.292241037 -0.072933972 0.128086627 0.991736293 -0.007279135 -0.465649009 -0.288949728 0.044338148 0.956316948 0.226880014
0.943778038 -0.126020417 0.305617213 -0.074634343 0.132803857 0.991141319 -0.001417791 -0.474924088 -0.302731127 0.041925214 0.952153444 0.236348629
0.937589645 -0.130392849 0.322371423 -0.077959612 0.137348354 0.990522146 0.001180729 -0.479595721 -0.319469988 0.043170135 0.946612477 0.245625839
0.930509388 -0.136135891 0.340028256 -0.077422217 0.143481359 0.989646494 0.003575178 -0.482126802 -0.336994529 0.045460977 0.940408409 0.255410492
0.921754122 -0.142942771 0.360467196 -0.078763284 0.149374336 0.988729000 0.010112600 -0.491336375 -0.357849926 0.044523213 0.932717025 0.265167803
0.912014604 -0.150274873 0.381637007 -0.078102812 0.156843722 0.987523735 0.014034867 -0.494676054 -0.378984630 0.047057357 0.924205720 0.274593472
0.900315642 -0.159226030 0.405066490 -0.078729272 0.166584104 0.985875845 0.017278275 -0.495466799 -0.402096421 0.051921729 0.914123952 0.285383523
0.887545824 -0.167888373 0.429040492 -0.076951414 0.174651176 0.984340608 0.023886736 -0.499406606 -0.426332265 0.053731848 0.902969360 0.298482031
0.872517526 -0.176933423 0.455420315 -0.081948683 0.184123129 0.982476950 0.028945412 -0.499471039 -0.452561319 0.058598019 0.889805794 0.311763138
0.857637882 -0.187048987 0.479030192 -0.078478560 0.193961680 0.980364859 0.035545543 -0.500003755 -0.476273179 0.062428299 0.877078414 0.323535442
0.840737045 -0.197020352 0.504325390 -0.078263156 0.204158634 0.978047431 0.041741997 -0.502967358 -0.501478195 0.067868337 0.862504125 0.336720675
0.804452777 -0.214381158 0.553982377 -0.082585856 0.220525235 0.973738372 0.056588452 -0.506859958 -0.551565409 0.076644331 0.830602944 0.366194248
0.785715282 -0.223779961 0.576692224 -0.083230466 0.229449674 0.971197605 0.064249918 -0.507717311 -0.574460089 0.081839710 0.814431131 0.381262302
0.766659915 -0.233486980 0.598093927 -0.083359376 0.238774851 0.968403518 0.071979567 -0.509672821 -0.596002638 0.087625928 0.798187137 0.395937383
0.748516917 -0.240121722 0.618113279 -0.081139639 0.244367257 0.966417730 0.079507858 -0.512569189 -0.616447210 0.091533661 0.782057881 0.409565777
0.728221893 -0.247722909 0.639004052 -0.084852502 0.251171321 0.963982582 0.087467507 -0.513903320 -0.637656510 0.096803740 0.764214098 0.429843366
0.709841549 -0.253721684 0.657077193 -0.082510263 0.257197529 0.961820841 0.093543530 -0.514030755 -0.655724466 0.102597535 0.747996747 0.442133904
0.691627085 -0.262266010 0.672955036 -0.079129264 0.264502555 0.958986700 0.101897478 -0.516187906 -0.672079206 0.107523277 0.732631087 0.452863812
0.672938764 -0.268534362 0.689233422 -0.076493472 0.271116316 0.956474364 0.107948303 -0.511988938 -0.688221872 0.114219807 0.716452718 0.467201293
0.651822686 -0.275702119 0.706481218 -0.075979412 0.276033312 0.953927755 0.117590055 -0.516510367 -0.706351817 0.118364468 0.697894633 0.484401882
0.631372809 -0.280604035 0.722931385 -0.074792415 0.278541505 0.952085435 0.126285151 -0.515141428 -0.723728538 0.121633381 0.679280758 0.501763046
0.609560668 -0.287106395 0.738922000 -0.075769126 0.283613890 0.949399054 0.134924442 -0.515800416 -0.740269423 0.127323911 0.660143614 0.521643996
0.588448226 -0.291726410 0.754071891 -0.073475510 0.288876593 0.946939290 0.140912652 -0.514723122 -0.755168200 0.134913877 0.641497612 0.539532542
0.567199528 -0.296501070 0.768356621 -0.071674615 0.293628037 0.944441080 0.147694618 -0.514026821 -0.769459128 0.141838744 0.622747481 0.558001518
0.546503425 -0.300146580 0.781822205 -0.068069845 0.298518628 0.942061186 0.152995154 -0.516874790 -0.782445431 0.149776131 0.604438901 0.575367749
0.523435950 -0.302157313 0.796690404 -0.068110988 0.303847462 0.939732909 0.156776637 -0.516787946 -0.796047390 0.160009861 0.583699703 0.600813389
0.502905011 -0.306091487 0.808328211 -0.063975453 0.311116934 0.936616540 0.161107928 -0.517070472 -0.806407332 0.170462608 0.566259325 0.617843628
0.481676072 -0.312541097 0.818722308 -0.064015165 0.317814559 0.932940185 0.169164225 -0.527239203 -0.816689670 0.178719550 0.548705101 0.635421395
0.460040718 -0.318293631 0.828885853 -0.061410785 0.325828880 0.928926766 0.175870940 -0.526907623 -0.825952768 0.189167187 0.531053424 0.655676246
0.437697291 -0.320710808 0.839979589 -0.060320169 0.329768568 0.926379383 0.181862786 -0.527748823 -0.836465001 0.197397977 0.511234045 0.677843750
0.415605009 -0.322535008 0.850437284 -0.057744429 0.332878113 0.924081922 0.187789232 -0.530218422 -0.846442342 0.205045804 0.491417915 0.698317409
0.393699586 -0.325951725 0.859509230 -0.055958688 0.338063270 0.920835614 0.194358096 -0.530303299 -0.854817927 0.214049816 0.472724944 0.715658545
0.370233446 -0.326091796 0.869822562 -0.055797249 0.342600852 0.918285549 0.198434830 -0.526717603 -0.863453448 0.224534750 0.451699317 0.738960624
0.347155988 -0.329749286 0.877922654 -0.054221109 0.349338859 0.914239764 0.205251366 -0.529941440 -0.870313227 0.235438257 0.432578027 0.757483006
0.323696882 -0.332925171 0.885652959 -0.052086517 0.356039345 0.910107970 0.211989343 -0.530213952 -0.876616418 0.246706992 0.413133562 0.779145658
0.300891578 -0.335467130 0.892707109 -0.050420061 0.363619387 0.905728400 0.217800468 -0.531511128 -0.881615102 0.259071290 0.394508362 0.798910797
0.278022707 -0.336284518 0.899786770 -0.048073471 0.369967908 0.901939929 0.222773865 -0.529883742 -0.886468887 0.270955980 0.375174224 0.819785774
0.255805850 -0.337614924 0.905858457 -0.047316618 0.374898881 0.898350298 0.228948727 -0.530484974 -0.891074657 0.281038910 0.356374800 0.836753964
0.234187394 -0.340375960 0.910659313 -0.046094097 0.380955040 0.893926382 0.236154348 -0.532126844 -0.894443631 0.291615903 0.339014232 0.851778150
0.212537095 -0.339461088 0.916293681 -0.043780975 0.382765949 0.891703725 0.241567463 -0.531442761 -0.899065137 0.299383998 0.319454253 0.869848430
0.190816537 -0.343777955 0.919459462 -0.045432031 0.384624839 0.887958288 0.252178282 -0.533532083 -0.903134942 0.305527151 0.301662683 0.885235190
0.170053482 -0.348368376 0.921803296 -0.044578761 0.385929734 0.884250879 0.262980551 -0.532290876 -0.906719327 0.311030567 0.284815669 0.902115583
0.150755465 -0.352892995 0.923438907 -0.044254951 0.384878457 0.881364286 0.273981094 -0.529177010 -0.910571933 0.314107597 0.268691421 0.915704191
0.131814629 -0.357628107 0.924514532 -0.043025386 0.381864607 0.878992021 0.285573661 -0.528014243 -0.914770067 0.315396547 0.252429605 0.928433299
0.112104274 -0.361805171 0.925488889 -0.045816012 0.377898782 0.876904488 0.297037154 -0.527116299 -0.919034898 0.316441983 0.235030472 0.947194517
0.097115502 -0.365725219 0.925642312 -0.046342075 0.374733776 0.875034392 0.306413919 -0.526755273 -0.922032058 0.317111850 0.222028971 0.961809456
0.084995106 -0.368542820 0.925717056 -0.045045797 0.372092128 0.873603225 0.313631743 -0.528309047 -0.924296141 0.317794830 0.211383879 0.975731730
0.076273695 -0.368836045 0.926359773 -0.045669962 0.371901631 0.872544825 0.316788077 -0.526418149 -0.925133288 0.320352048 0.203722969 0.987679839
0.068853125 -0.366803795 0.927746773 -0.044299498 0.373217553 0.871897101 0.317023933 -0.526769280 -0.925185382 0.324423254 0.196930408 1.001244545
0.062834188 -0.363788784 0.929359734 -0.044506967 0.371990710 0.872635305 0.316434205 -0.526424766 -0.926107287 0.325830340 0.190157369 1.015196919
0.059024680 -0.361038685 0.930681109 -0.042735334 0.373331249 0.872637689 0.314844906 -0.527077734 -0.925818503 0.328868657 0.186294198 1.028297424
0.056429397 -0.358760208 0.931722522 -0.042143323 0.374617428 0.872635245 0.313320130 -0.525896311 -0.925460815 0.331358999 0.183640108 1.039847493
0.054145489 -0.362397254 0.930449665 -0.039976239 0.375280559 0.870888591 0.317360431 -0.525232077 -0.925328493 0.331996024 0.183155343 1.054865122
0.053445630 -0.367038339 0.928669155 -0.038130198 0.375343472 0.869183838 0.321926624 -0.525124907 -0.925343633 0.331364334 0.184219524 1.069338799
0.054587323 -0.370780796 0.927114844 -0.037428737 0.377831399 0.867129862 0.324544787 -0.522482276 -0.924263835 0.332577050 0.187426925 1.081256509
0.055360910 -0.374969393 0.925382674 -0.035013806 0.381025076 0.864600480 0.327545375 -0.522394419 -0.922905862 0.334460795 0.190737784 1.095504284
0.056832440 -0.377994210 0.924061954 -0.031678755 0.388431758 0.861006618 0.328311294 -0.520566165 -0.919723272 0.340276301 0.195758045 1.108536005
0.059565760 -0.380225688 0.922973692 -0.029365746 0.396445394 0.857579827 0.327700913 -0.519273639 -0.916123867 0.346388847 0.201821119 1.118493438
0.062530167 -0.383146375 0.921568692 -0.025765967 0.405000746 0.853673518 0.327438623 -0.520007312 -0.912175655 0.352761209 0.208554924 1.128133297
0.064153448 -0.383450449 0.921330631 -0.018834952 0.409904063 0.851880431 0.326003611 -0.520807266 -0.909869850 0.356742889 0.211828932 1.140059948
0.067351401 -0.379812002 0.922608614 -0.014992688 0.405766398 0.855209470 0.322444350 -0.518084168 -0.911491811 0.352646559 0.211714491 1.149651885
0.072443917 -0.377112895 0.923329711 -0.008419245 0.400357991 0.858898282 0.319385469 -0.515674531 -0.913490772 0.346524864 0.213202134 1.154215097
0.076024503 -0.375078678 0.923870325 -0.000888787 0.390810281 0.863626063 0.318460941 -0.516833961 -0.917326331 0.336847156 0.212241381 1.161276579
0.080170274 -0.369762927 0.925660968 0.005636923 0.383580506 0.868580878 0.313740462 -0.514642417 -0.920021117 0.329912752 0.211468250 1.167793155
0.084904045 -0.364982009 0.927135110 0.014058813 0.376228839 0.873355687 0.309357077 -0.513253391 -0.922628343 0.322549284 0.211468205 1.173177242
0.088201895 -0.362025410 0.927986085 0.023230612 0.369139850 0.877164245 0.307113409 -0.512794256 -0.925179064 0.315468639 0.211005554 1.181087613
0.091653563 -0.359119207 0.928780317 0.031382747 0.364934504 0.879928470 0.304218024 -0.511356950 -0.926510930 0.311061382 0.211703598 1.187703729
0.094293058 -0.355387330 0.929950833 0.037714265 0.361651152 0.882525802 0.300593704 -0.509589314 -0.927532971 0.307973891 0.211742312 1.189772129
0.091544092 -0.352513671 0.931318343 0.048356950 0.358463347 0.884213984 0.299448997 -0.509093642 -0.929044604 0.306430638 0.207307801 1.197795630
0.086282536 -0.348631978 0.933279753 0.057098404 0.357797235 0.885119975 0.297563016 -0.510777354 -0.929804623 0.308250397 0.201110005 1.201565027
0.076672554 -0.344133466 0.935784996 0.066941932 0.362262785 0.884022117 0.295416117 -0.510185778 -0.928917110 0.316349775 0.192446992 1.206559658
0.061025091 -0.336350799 0.939757466 0.075205103 0.365078360 0.883795679 0.292614222 -0.510614753 -0.928974569 0.325228274 0.176728070 1.215389371
0.044110876 -0.328312129 0.943538785 0.084381387 0.373558909 0.881367326 0.289215058 -0.511285126 -0.926557124 0.339709759 0.161521852 1.216441154
0.022936963 -0.322181582 0.946399927 0.093128338 0.379205227 0.878711224 0.289948016 -0.514774919 -0.925028384 0.352229297 0.142327935 1.220998645
0.001520395 -0.318850994 0.947803676 0.099511579 0.379637063 0.877031624 0.294433624 -0.517331362 -0.925134361 0.359373719 0.122381106 1.220473409
-0.022904456 -0.319945693 0.947158933 0.106560148 0.380852848 0.873175323 0.304164290 -0.519506216 -0.924351931 0.367694914 0.101852626 1.224323392
-0.045936115 -0.323740125 0.945030212 0.109614298 0.383951783 0.867637038 0.315890640 -0.519770861 -0.922209799 0.377356857 0.084444717 1.225177407
-0.067061715 -0.329842925 0.941650927 0.111981727 0.387203991 0.861205041 0.329239815 -0.524178445 -0.919551909 0.386690348 0.069962591 1.227017879
-0.085055441 -0.338668883 0.937053323 0.116110973 0.391974926 0.853255987 0.343962163 -0.529884160 -0.916035652 0.396557242 0.060175642 1.229893208
-0.098884046 -0.346593112 0.932788849 0.116397470 0.397988230 0.845372081 0.356302321 -0.533357918 -0.912045717 0.406471521 0.054346129 1.226250529
-0.111299351 -0.357225955 0.927362978 0.116870075 0.399260581 0.838465393 0.370900095 -0.546021760 -0.910056889 0.411540419 0.049305588 1.225954771
-0.120102659 -0.363926113 0.923652112 0.118438683 0.401029944 0.833313525 0.380478054 -0.558643758 -0.908157706 0.416108549 0.045862094 1.219722748
-0.128499866 -0.369384140 0.920349479 0.121646598 0.402189910 0.828887582 0.388829768 -0.576721668 -0.906493843 0.420119882 0.042050645 1.216687441
-0.134784609 -0.371668398 0.918529034 0.123285457 0.405521810 0.825111210 0.393374443 -0.595746934 -0.904093564 0.425504386 0.039507329 1.208359957
-0.138475657 -0.373257399 0.917334974 0.126801670 0.408985615 0.822035134 0.396218657 -0.614647448 -0.901973009 0.430043399 0.038825050 1.195787072
-0.142863944 -0.374364913 0.916210055 0.128802210 0.409521163 0.820388258 0.399068296 -0.633598208 -0.901045144 0.432219923 0.036106497 1.185758352
-0.145602703 -0.376247704 0.915006816 0.134253293 0.410977006 0.818287611 0.401874840 -0.651778638 -0.899943233 0.434560806 0.035484299 1.172104120
-0.148778260 -0.374882966 0.915056288 0.140057534 0.407967687 0.819665015 0.402133971 -0.668722630 -0.900792599 0.433142185 0.030991822 1.160624743
-0.150809109 -0.370715588 0.916420519 0.141630679 0.405865580 0.822071254 0.399339437 -0.678625524 -0.901404381 0.432167590 0.026484832 1.148348212
-0.152916029 -0.369493186 0.916565061 0.146989748 0.397628993 0.826079309 0.399354696 -0.687376857 -0.904714286 0.425520569 0.020600408 1.137276530
-0.152399257 -0.372462183 0.915448785 0.152625471 0.387200654 0.829721451 0.402042150 -0.702111244 -0.909312963 0.415733278 0.017768666 1.118902326
-0.153111294 -0.375463486 0.914102912 0.156723842 0.377531290 0.832620978 0.405231297 -0.712840855 -0.913250864 0.407147914 0.014265537 1.104852438
-0.152586550 -0.377396703 0.913394272 0.162571013 0.367256641 0.836380422 0.406927884 -0.722049356 -0.917518318 0.397541881 0.010981008 1.089831591
-0.152250305 -0.377985954 0.913206756 0.166637138 0.359665245 0.839436591 0.407415271 -0.728442132 -0.920576394 0.390477806 0.008143947 1.072887778
-0.153165117 -0.380015612 0.912210882 0.174358591 0.356941074 0.839506745 0.409660339 -0.740018964 -0.921484470 0.388351142 0.007060021 1.058644533
-0.154925406 -0.379973590 0.911931098 0.182428673 0.359641254 0.838047028 0.410286903 -0.747628093 -0.920139313 0.391531914 0.006819382 1.047114491
-0.155876100 -0.380824804 0.911413789 0.190176010 0.364383757 0.835447431 0.411402404 -0.754336596 -0.918110609 0.396232277 0.008540064 1.033131480
-0.156933635 -0.383212060 0.910230994 0.202856675 0.367739856 0.832702041 0.413974404 -0.764178336 -0.916591167 0.399694651 0.010243416 1.019552112
-0.155303299 -0.382540554 0.910792828 0.210972399 0.366115153 0.834034801 0.412729502 -0.766365111 -0.917518735 0.397553355 0.010525525 1.003636956
-0.156103328 -0.382573307 0.910642385 0.221683115 0.364378601 0.834614158 0.413094997 -0.778842747 -0.918074071 0.396304071 0.009115487 0.989920676
-0.154457197 -0.383064330 0.910716534 0.232039779 0.362720966 0.835425854 0.412912965 -0.785016954 -0.919008493 0.394113362 0.009907916 0.971793115
-0.156146035 -0.380779684 0.911386490 0.244191483 0.358382702 0.837984860 0.411513299 -0.788902044 -0.920423985 0.390881330 0.005616844 0.965057433
-0.156597838 -0.379078507 0.912017882 0.255852342 0.354319394 0.840381980 0.410141468 -0.792267799 -0.921919107 0.387372881 0.002712876 0.953125417
-0.160068274 -0.377783090 0.911952913 0.273784846 0.350902140 0.841742516 0.410289198 -0.800656378 -0.922629833 0.385680556 -0.002171378 0.946531355
-0.163829729 -0.374256253 0.912738740 0.288513243 0.351554275 0.842343748 0.408493072 -0.805570185 -0.921720922 0.387800515 -0.006429548 0.933737695
-0.171521336 -0.367000520 0.914270759 0.301887751 0.351023525 0.844351470 0.404787600 -0.810642719 -0.920523167 0.390360236 -0.015998477 0.922406733
-0.181559831 -0.356409878 0.916519582 0.317079961 0.351082891 0.847095549 0.398961246 -0.813737094 -0.918573260 0.394209594 -0.028669110 0.909237564
-0.194815010 -0.349101692 0.916610599 0.332578212 0.349666178 0.848396063 0.397438914 -0.816597819 -0.916395485 0.397934794 -0.043211218 0.898270726
-0.207871974 -0.349813193 0.913465858 0.347222149 0.346514225 0.846968710 0.403202116 -0.819047213 -0.914722502 0.400343299 -0.054845817 0.886507332
-0.219707817 -0.355117172 0.908636451 0.360519737 0.345197171 0.842838705 0.412870318 -0.820254147 -0.912451267 0.404369593 -0.062592834 0.875969827
-0.230323762 -0.361823946 0.903346181 0.374246985 0.341394037 0.839257598 0.423198402 -0.820398748 -0.911263347 0.405869663 -0.069776453 0.866909087
-0.239615545 -0.367950708 0.898441195 0.388209552 0.337552398 0.836093307 0.432442248 -0.824367523 -0.910298169 0.406890899 -0.076138303 0.858376622
-0.248293176 -0.371586353 0.894580364 0.402866751 0.333449960 0.834274590 0.439086795 -0.826387763 -0.909484327 0.407320023 -0.083239213 0.849633515
-0.255865395 -0.372555375 0.892040014 0.416923702 0.332239270 0.832659543 0.443052232 -0.827788115 -0.907827079 0.409732401 -0.089271210 0.841423035
-0.261987329 -0.372606516 0.890239835 0.434622347 0.328029901 0.833156109 0.445249707 -0.829868257 -0.907611787 0.408675045 -0.096050285 0.833012700
-0.267588168 -0.367742598 0.890596390 0.451173574 0.326099873 0.835192800 0.442845345 -0.832702398 -0.906672716 0.408923507 -0.103566892 0.826084673
-0.272356004 -0.359461665 0.892529845 0.468480080 0.324800432 0.838803291 0.436936706 -0.834872186 -0.905718982 0.408896387 -0.111699812 0.819741964
